"animals" "beatles_post" "beatles_pre" "cream" "kinks" "rolling_stones_post" "rolling_stones_pre" "smallfaces" "who" "yardbirds" "zombies"
"la la la" 0 0 0.0244230064720967 0 0.0646872372080988 0 0.250867360555111 1.32481115630447 1.05937633489962 0 0
"i love you" 0.30506721820062 0.0804455445544554 0.21980705824887 0.0151676020021235 0.0291092567436445 0 0.0320256204963971 0.151074956420686 0.0341734301580521 0.0768403258029814 0.151228733459357
"hey hey hey" 0.031023784901758 0.0123762376237624 0.0488460129441934 0.712877294099803 0 0 0.0907392580731252 0.10459035444509 0 0.630090671584448 0
"yeah yeah yeah" 0.211995863495346 0.142326732673267 0 0.0758380100106173 0.0291092567436445 0 0.106752068321324 0.220801859384079 0.00854335753951303 0.12294452128477 0
"no no no" 0.0413650465356774 0.0185643564356436 0.103797777506411 0 0.058218513487289 0 0.0480384307445957 0.0232423009877978 0 0.553250345781466 0.359168241965974
"can^t help it" 0.501551189245088 0 0 0 0 0 0 0 0 0 0
"i don^t know" 0.0723888314374354 0.117574257425743 0.0488460129441934 0.182011224025482 0.0323436186040494 0 0.106752068321324 0.0581057524694945 0.0170867150790261 0.0461041954817888 0
"i want you" 0.14994829369183 0.167079207920792 0.0549517645622176 0 0 0 0.0373632239124633 0.0929692039511912 0 0.0153680651605963 0.0945179584120983
"oh oh oh" 0.0672182006204757 0.167079207920792 0.0244230064720967 0 0.0258748948832395 0 0.0213504136642647 0 0 0.261257107730137 0.151228733459357
"i don^t want" 0.0258531540847983 0.0123762376237624 0.0549517645622176 0.0303352040042469 0.0776246846497186 0.0167420056922819 0.0907392580731252 0.0464846019755956 0.00854335753951303 0.0307361303211926 0.245746691871456
"i want to" 0.0413650465356774 0 0.067163267798266 0.0303352040042469 0.0420467041852642 0 0.0800640512409928 0.151074956420686 0.0256300726185391 0.0307361303211926 0.226843100189036
"come on baby" 0.175801447776629 0.0247524752475248 0.0183172548540725 0.0455028060063704 0.0452810660456692 0 0.101414464905258 0.0116211504938989 0 0 0
"i need you" 0.0413650465356774 0.00618811881188119 0.0732690194162901 0 0.0452810660456692 0 0.128102481985588 0.0464846019755956 0.0256300726185391 0.0307361303211926 0.0756143667296786
"c mon c" 0.0568769389865564 0 0.201489803394798 0 0 0 0.144115292233787 0 0 0 0
"mon c mon" 0.0568769389865564 0 0.201489803394798 0 0 0 0.144115292233787 0 0 0 0
"you know i" 0.186142709410548 0.0928217821782178 0.0854805226523385 0 0 0 0 0.0581057524694945 0 0.0153680651605963 0
"ah ah ah" 0.0723888314374354 0.00618811881188119 0.0122115032360484 0.576368876080692 0 0.0334840113845639 0.0160128102481986 0 0 0.0461041954817888 0
"all the time" 0.0723888314374354 0.0866336633663366 0.0305287580901209 0.0455028060063704 0.0226405330228346 0 0.0747264478249266 0.0232423009877978 0.0256300726185391 0 0
"what i want" 0.015511892450879 0 0.00610575161802418 0 0.0388123423248593 0 0.208166533226581 0.0116211504938989 0.0170867150790261 0.0153680651605963 0.0189035916824197
"want you to" 0.103412616339193 0 0.0305287580901209 0 0.0129374474416198 0 0.0533760341606619 0.139453805926787 0 0.0153680651605963 0.0756143667296786
"don^t want to" 0 0.0247524752475248 0.067163267798266 0.0303352040042469 0.0517497897664791 0 0.0160128102481986 0.0232423009877978 0.00854335753951303 0 0.283553875236295
"doo doo doo" 0 0.278465346534653 0 0.136508418019111 0 0 0 0 0 0 0
"girl can^t help" 0.279214064115822 0 0 0 0 0 0 0 0 0 0
"the girl can^t" 0.279214064115822 0 0 0 0 0 0 0 0 0 0
"all together now" 0 0.315594059405941 0 0 0 0 0 0 0 0.0307361303211926 0
"all you need" 0 0.315594059405941 0 0 0 0 0 0 0 0 0
"i got a" 0.113753877973113 0 0.0244230064720967 0 0.0161718093020247 0 0.0106752068321324 0.0232423009877978 0.00854335753951303 0.169048716766559 0.0378071833648393
"i just can^t" 0.0413650465356774 0 0.0305287580901209 0 0.0485154279060741 0.0167420056922819 0.0907392580731252 0 0 0.0307361303211926 0.0189035916824197
"help it the" 0.248190279214064 0 0 0 0 0 0 0 0 0 0
"it the girl" 0.248190279214064 0 0 0 0 0 0 0 0 0 0
"together now all" 0 0.297029702970297 0 0 0 0 0 0 0 0 0
"now all together" 0 0.290841584158416 0 0 0 0 0 0 0 0 0
"la la lee" 0 0 0 0 0 0 0 0.534572922719349 0 0 0
"love is all" 0 0.247524752475248 0.00610575161802418 0 0.0129374474416198 0 0 0.0116211504938989 0 0 0
"na na na" 0 0 0 0 0.116437026974578 0 0.0533760341606619 0 0 0 0
"sha la la" 0 0 0 0 0 0 0 0.534572922719349 0 0 0
"that^s what i" 0.0103412616339193 0 0 0 0.00646872372080988 0 0.202828929810515 0.0116211504938989 0 0.0461041954817888 0
"if you want" 0.0206825232678387 0.0185643564356436 0.0122115032360484 0 0.0679215990685038 0.117194039845974 0.0373632239124633 0 0.00854335753951303 0 0
"yeah oh yeah" 0 0.0742574257425743 0 0 0.00970308558121483 0.0167420056922819 0.0427008273285295 0.185938407902382 0.0256300726185391 0.0307361303211926 0
"all night long" 0.0982419855222337 0 0 0 0.00323436186040494 0 0.0800640512409928 0 0 0.138312586445367 0
"i^m in love" 0.134436401240951 0.0123762376237624 0.0305287580901209 0 0.0323436186040494 0 0 0 0 0.0153680651605963 0
"let it be" 0 0.253712871287129 0 0 0.00970308558121483 0 0 0 0 0 0
"oh yeah oh" 0 0.0680693069306931 0 0 0.00970308558121483 0.0167420056922819 0.0480384307445957 0.185938407902382 0.0256300726185391 0.0153680651605963 0
"talkin bout my" 0 0 0 0 0 0 0.0427008273285295 0 0.307560871422469 0 0
"my my my" 0 0.0866336633663366 0 0 0 0 0.0213504136642647 0.10459035444509 0 0.245889042569541 0
"i don^t care" 0.124095139607032 0 0.0366345097081451 0.0303352040042469 0.0161718093020247 0.0502260170768458 0 0 0 0.0153680651605963 0.0189035916824197
"love to you" 0.046535677352637 0 0.0244230064720967 0.0151676020021235 0 0 0.133440085401655 0 0.00854335753951303 0.0307361303211926 0
"much monkey business" 0 0 0 0 0.135843198137008 0 0 0 0 0 0
"she can^t help" 0.217166494312306 0 0 0 0 0 0 0 0 0 0
"that spoon that" 0 0 0 0.637039284089186 0 0 0 0 0 0 0
"too much monkey" 0 0 0 0 0.135843198137008 0 0 0 0 0 0
"come on come" 0 0.142326732673267 0.0244230064720967 0 0 0 0.0373632239124633 0 0 0.0922083909635777 0
"don^t you know" 0.062047569803516 0.0618811881188119 0.0122115032360484 0.0151676020021235 0.0129374474416198 0.0334840113845639 0.0160128102481986 0.0116211504938989 0 0.0461041954817888 0.0378071833648393
"on come on" 0 0.142326732673267 0.0244230064720967 0 0 0 0.0373632239124633 0 0 0.0922083909635777 0
"don^t know what" 0.0206825232678387 0.0123762376237624 0.0244230064720967 0.182011224025482 0.0194061711624297 0 0.0320256204963971 0.0232423009877978 0.00854335753951303 0.0307361303211926 0
"is all you" 0 0.241336633663366 0 0 0 0 0 0 0 0 0
"kind of girl" 0 0 0.0122115032360484 0 0 0 0 0 0 0.522514215460274 0.056710775047259
"that^s all i" 0.175801447776629 0 0.0244230064720967 0 0 0 0.00533760341606619 0 0 0 0
"bye bye bye" 0 0 0.0366345097081451 0.151676020021235 0 0 0.117427275153456 0 0 0 0
"do do do" 0 0.235148514851485 0 0 0 0 0 0 0 0 0
"like everybody else" 0 0 0 0 0.122905750695388 0 0 0 0 0 0
"number number number" 0 0.235148514851485 0 0 0 0 0 0 0 0 0
"don^t have to" 0.0103412616339193 0 0 0 0.0355779804644544 0 0.0106752068321324 0.0116211504938989 0.162323793250748 0 0.0378071833648393
"i don^t need" 0 0.00618811881188119 0.00610575161802418 0 0.106733941393363 0 0.00533760341606619 0.0116211504938989 0 0 0
"do d do" 0 0.222772277227723 0 0 0 0 0 0 0 0 0
"don^t do it" 0 0 0 0 0 0 0 0.41836141778036 0 0 0
"glad i^m glad" 0 0 0 0.546033672076445 0 0 0 0 0 0 0
"it^s too late" 0 0 0 0 0.0291092567436445 0 0 0.278907611853573 0 0 0.056710775047259
"all i am" 0.165460186142709 0 0 0 0 0 0 0 0 0 0.056710775047259
"am to you" 0.165460186142709 0 0 0 0 0 0 0 0 0 0.056710775047259
"and i know" 0.0103412616339193 0 0 0 0.0808590465101236 0 0.0106752068321324 0.0116211504938989 0.0170867150790261 0.0153680651605963 0.0378071833648393
"do that don^t" 0 0 0 0 0 0.585970199229868 0 0 0 0 0
"i am to" 0.165460186142709 0 0 0 0 0 0 0 0 0 0.056710775047259
"i know you" 0.0413650465356774 0.00618811881188119 0.0244230064720967 0 0.00323436186040494 0 0.0373632239124633 0.0697269029633934 0.0427167876975651 0.0461041954817888 0
"on my mind" 0.093071354705274 0 0.0122115032360484 0 0.0258748948832395 0 0 0.0232423009877978 0 0.0153680651605963 0.0756143667296786
"you better believe" 0.0103412616339193 0.00618811881188119 0 0 0 0 0 0.371876815804765 0 0 0
"i can see" 0.0103412616339193 0.00618811881188119 0.0122115032360484 0 0.0129374474416198 0.0334840113845639 0.00533760341606619 0.0116211504938989 0.145237078171721 0 0.0756143667296786
"in the morning" 0.0206825232678387 0.0123762376237624 0.0244230064720967 0.0303352040042469 0.0129374474416198 0 0.0480384307445957 0.0697269029633934 0 0.0307361303211926 0.0189035916824197
"miles and miles" 0 0 0 0 0 0 0 0 0.290474156343443 0 0
"talkin bout you" 0.15511892450879 0 0 0 0 0 0.0213504136642647 0 0 0 0
"the way you" 0.0723888314374354 0 0.0244230064720967 0 0.00323436186040494 0 0.0266880170803309 0.0232423009877978 0 0.0307361303211926 0.113421550094518
"you and me" 0.00517063081695967 0.0371287128712871 0.0122115032360484 0 0.0646872372080988 0.0167420056922819 0 0 0.0256300726185391 0.0153680651605963 0
"back to me" 0 0.0185643564356436 0.0183172548540725 0 0.00323436186040494 0 0.138777688817721 0 0 0 0
"better believe it" 0 0.00618811881188119 0 0 0 0 0 0.371876815804765 0 0 0
"i said i" 0.0827300930713547 0 0.0244230064720967 0 0.0194061711624297 0 0 0.0348634514816967 0.0341734301580521 0 0
"i wanna be" 0.0258531540847983 0 0.170961045304677 0 0 0 0 0 0 0 0
"i^m glad i^m" 0 0 0 0.485363264067951 0.00323436186040494 0 0 0 0 0 0
"round and round" 0.0517063081695967 0 0 0 0.00323436186040494 0 0.11208967173739 0 0.00854335753951303 0 0
"what to do" 0 0.0123762376237624 0 0.182011224025482 0 0.0167420056922819 0.058713637576728 0 0 0.0461041954817888 0.0756143667296786
"you don^t know" 0.0103412616339193 0.0309405940594059 0.0122115032360484 0 0.0129374474416198 0 0.0640512409927942 0 0.0683468603161042 0 0
"you know i^m" 0.124095139607032 0 0 0 0 0.0334840113845639 0.0266880170803309 0 0 0.0307361303211926 0
"you you you" 0.0103412616339193 0 0.122115032360484 0 0 0 0.058713637576728 0 0 0 0
"a hold on" 0 0 0.0976920258883869 0 0.00323436186040494 0 0 0.0464846019755956 0.00854335753951303 0.0153680651605963 0.170132325141777
"bout my generation" 0 0 0 0 0 0 0 0 0.273387441264417 0 0
"but i don^t" 0.0206825232678387 0 0.0122115032360484 0.182011224025482 0.0323436186040494 0 0.0106752068321324 0.0232423009877978 0 0 0
"don^t know how" 0.0361944157187177 0.0433168316831683 0 0 0.00646872372080988 0 0.0373632239124633 0 0 0.0307361303211926 0.132325141776938
"i see you" 0.0827300930713547 0.0123762376237624 0.0122115032360484 0 0.0226405330228346 0 0.0213504136642647 0.0116211504938989 0 0 0
"in love with" 0.046535677352637 0 0.0793747710343143 0.0151676020021235 0.00646872372080988 0 0 0 0 0.0922083909635777 0.0189035916824197
"love love love" 0.00517063081695967 0.111386138613861 0 0 0 0 0.00533760341606619 0 0.102520290474156 0 0
"submarine yellow submarine" 0 0.099009900990099 0.0976920258883869 0 0 0 0 0 0 0 0
